0	0 2 1 1 1
0	236 0 0 0 0
1	36 0 0 0 0
1	0 1 0 1 1
3	0 1 1 0 0
3	204 0 0 0 0
4	82 0 0 0 0
4	458 0 0 0 0
4	0 1 1 0 1
4	0 1 1 0 1
5	0 2 1 1 1
5	517 0 0 0 0
6	715 0 0 0 0
6	957 0 0 0 0
6	0 1 0 1 0
6	0 2 1 1 0
6	0 0 0 0 0
7	0 1 1 0 1
7	148 0 0 0 0
8	419 0 0 0 0
8	0 2 1 1 0
9	0 1 1 0 0
9	68 0 0 0 0
10	105 0 0 0 0
10	0 1 1 0 1
11	0 2 1 1 0
11	800 0 0 0 0
12	901 0 0 0 0
12	0 1 0 1 0
13	0 0 0 0 1
13	0 0 0 0 0
14	0 1 1 0 0
14	981 0 0 0 0
16	621 0 0 0 0
16	335 0 0 0 0
16	327 0 0 0 0
16	0 2 1 1 0
16	0 2 1 1 1
16	0 1 0 1 0
17	0 0 0 0 0
17	0 1 1 0 0
17	17 0 0 0 0
22	237 0 0 0 0
22	0 1 0 1 0
25	0 2 1 1 1
25	95 0 0 0 0
26	0 0 0 0 0
28	0 0 0 0 1
29	0 2 1 1 1
29	779 0 0 0 0
31	542 0 0 0 0
31	0 0 0 0 0
31	0 1 0 1 1
32	0 0 0 0 0
32	0 0 0 0 0
32	0 1 0 1 1
32	17 0 0 0 0
34	676 0 0 0 0
34	0 1 1 0 1
35	0 2 1 1 1
35	856 0 0 0 0
37	798 0 0 0 0
37	0 2 1 1 1
39	0 2 1 1 1
39	501 0 0 0 0
40	817 0 0 0 0
40	0 1 0 1 0
42	0 0 0 0 0
42	0 1 1 0 1
42	0 2 1 1 0
42	427 0 0 0 0
42	278 0 0 0 0
43	296 0 0 0 0
43	0 1 1 0 1
43	0 0 0 0 1
44	0 1 1 0 0
44	781 0 0 0 0
45	264 0 0 0 0
45	406 0 0 0 0
45	0 2 1 1 1
45	0 1 1 0 1
46	0 0 0 0 1
46	0 0 0 0 1
47	0 1 1 0 1
47	534 0 0 0 0
49	882 0 0 0 0
49	981 0 0 0 0
49	0 1 0 1 0
49	0 1 1 0 1
50	0 0 0 0 1
52	0 0 0 0 0
52	0 1 1 0 0
52	0 1 0 1 1
52	971 0 0 0 0
52	397 0 0 0 0
53	0 0 0 0 0
55	0 1 1 0 1
55	879 0 0 0 0
58	30 0 0 0 0
58	0 1 1 0 1
61	0 1 1 0 0
61	899 0 0 0 0
62	936 0 0 0 0
62	0 1 0 1 1
62	0 0 0 0 0
64	0 0 0 0 0
64	0 2 1 1 1
64	659 0 0 0 0
65	111 0 0 0 0
65	0 0 0 0 0
65	0 1 0 1 1
67	0 2 1 1 1
67	371 0 0 0 0
69	883 0 0 0 0
69	993 0 0 0 0
69	233 0 0 0 0
69	0 2 1 1 1
69	0 1 1 0 1
69	0 1 1 0 0
70	0 0 0 0 0
70	0 2 1 1 0
70	204 0 0 0 0
71	305 0 0 0 0
71	0 2 1 1 0
72	0 1 1 0 1
72	65 0 0 0 0
73	616 0 0 0 0
73	0 0 0 0 1
73	0 1 1 0 0
74	0 2 1 1 1
74	819 0 0 0 0
75	111 0 0 0 0
75	0 1 1 0 1
77	0 1 1 0 1
77	0 1 0 1 0
77	246 0 0 0 0
77	39 0 0 0 0
78	789 0 0 0 0
78	411 0 0 0 0
78	529 0 0 0 0
78	0 1 0 1 1
78	0 1 1 0 0
78	0 1 0 1 0
79	0 2 1 1 1
79	0 1 0 1 0
79	648 0 0 0 0
79	791 0 0 0 0
82	375 0 0 0 0
82	0 2 1 1 1
83	0 0 0 0 1
86	0 1 0 1 1
86	0 1 1 0 0
86	0 1 0 1 1
86	931 0 0 0 0
86	886 0 0 0 0
86	623 0 0 0 0
90	515 0 0 0 0
90	0 2 1 1 0
91	0 1 1 0 1
91	167 0 0 0 0
93	256 0 0 0 0
93	0 1 1 0 0
94	0 1 1 0 0
94	0 2 1 1 1
94	850 0 0 0 0
94	187 0 0 0 0
96	209 0 0 0 0
96	0 0 0 0 0
96	0 1 1 0 1
97	0 2 1 1 0
97	0 1 1 0 1
97	61 0 0 0 0
97	810 0 0 0 0
98	694 0 0 0 0
98	0 1 1 0 0
99	0 1 0 1 0
99	373 0 0 0 0
