60 70 0 0 0
458 4 1 0 1
187 94 1 1 1
992 46 0 0 1
515 90 1 1 0
517 5 1 1 1
805 32 0 0 0
82 4 1 0 1
427 42 1 1 0
243 13 0 0 0
798 37 1 1 1
676 34 1 0 1
17 17 1 0 0
204 70 1 1 0
95 25 1 1 1
105 10 1 0 1
534 47 1 0 1
957 6 1 1 0
993 69 1 1 1
296 43 1 0 1
501 39 1 1 1
264 45 1 1 1
743 46 0 0 1
810 97 1 0 1
305 71 1 1 0
406 45 1 0 1
373 99 0 1 0
902 52 0 0 0
17 43 0 0 1
168 26 0 0 0
882 49 0 1 0
65 72 1 0 1
856 35 1 1 1
620 62 0 0 0
981 49 1 0 1
167 91 1 0 1
45 96 0 0 0
648 79 1 1 1
17 32 0 1 1
30 58 1 0 1
879 55 1 0 1
715 6 0 1 0
971 52 1 0 0
233 69 1 0 1
529 78 0 1 0
800 11 1 1 0
278 42 1 0 1
371 67 1 1 1
237 22 0 1 0
459 50 0 0 1
