549 73 0 0 1
899 61 1 0 0
694 98 1 0 0
73 42 0 0 0
335 16 1 1 1
981 14 1 0 0
256 93 1 0 0
781 83 0 0 1
850 94 1 0 0
61 97 1 1 0
419 8 1 1 0
181 32 0 0 0
39 77 1 0 1
886 86 0 1 1
852 28 0 0 1
327 16 1 1 0
623 86 0 1 1
791 79 0 1 0
213 65 0 0 0
936 62 0 1 1
542 31 0 1 1
209 96 1 0 1
789 78 1 0 0
204 3 1 0 0
36 1 0 1 1
606 64 0 0 0
145 31 0 0 0
236 0 1 1 1
246 77 0 1 0
956 53 0 0 0
478 6 0 0 0
659 64 1 1 1
68 9 1 0 0
616 73 1 0 0
66 17 0 0 0
148 7 1 0 1
931 86 1 0 0
375 82 1 1 1
397 52 0 1 1
411 78 0 1 1
621 16 0 1 0
819 74 1 1 1
111 75 1 0 1
111 65 0 1 1
781 44 1 0 0
901 12 0 1 0
719 13 0 0 1
779 29 1 1 1
883 69 1 0 0
817 40 0 1 0
