A	         1113468            86964          1026504             0.08
B	          220912            32078           188834             0.15
C	          393072            43031           350041             0.11
D	          543513            25512           518001             0.05
E	         1681113            60882          1620231             0.04
F	          321700            22553           299147             0.07
G	          249019            23159           225860             0.09
H	          810862            38776           772086             0.05
I	          971494            88040           883454             0.09
J	           21648             9423            12225             0.44
K	           86228             9824            76404             0.11
L	          562551            37053           525498             0.07
M	          352900            34888           318012             0.10
N	          932095            39556           892539             0.04
O	         1037944            45132           992812             0.04
P	          244135            27388           216747             0.11
Q	           15295             2085            13210             0.14
R	          846927            42537           804390             0.05
S	          881015            58325           822690             0.07
T	         1228372            79487          1148885             0.06
U	          393103            18466           374637             0.05
V	          133238             9339           123899             0.07
W	          265452            26576           238876             0.10
X	           27788             1811            25977             0.07
Y	          249457            12436           237021             0.05
Z	           12106             1467            10639             0.12
other	         4389222          4389222                0             1.00
