0	1 2 1 1 1
1	1 1 0 1 1
3	1 1 1 0 0
4	2 2 2 0 2
5	1 2 1 1 1
6	2 3 1 2 0
7	1 1 1 0 1
8	1 2 1 1 0
9	1 1 1 0 0
10	1 1 1 0 1
11	1 2 1 1 0
12	1 1 0 1 0
13	0 0 0 0 1
14	1 1 1 0 0
16	3 5 2 3 1
17	1 1 1 0 0
22	1 1 0 1 0
25	1 2 1 1 1
26	0 0 0 0 0
28	0 0 0 0 1
29	1 2 1 1 1
31	1 1 0 1 1
32	1 1 0 1 1
34	1 1 1 0 1
35	1 2 1 1 1
37	1 2 1 1 1
39	1 2 1 1 1
40	1 1 0 1 0
42	2 3 2 1 1
43	1 1 1 0 2
44	1 1 1 0 0
45	2 3 2 1 2
46	0 0 0 0 2
47	1 1 1 0 1
49	2 2 1 1 1
50	0 0 0 0 1
52	2 2 1 1 1
53	0 0 0 0 0
55	1 1 1 0 1
58	1 1 1 0 1
61	1 1 1 0 0
62	1 1 0 1 1
64	1 2 1 1 1
65	1 1 0 1 1
67	1 2 1 1 1
69	3 4 3 1 2
70	1 2 1 1 0
71	1 2 1 1 0
72	1 1 1 0 1
73	1 1 1 0 1
74	1 2 1 1 1
75	1 1 1 0 1
77	2 2 1 1 1
78	3 3 1 2 1
79	2 3 1 2 1
82	1 2 1 1 1
83	0 0 0 0 1
86	3 3 1 2 2
90	1 2 1 1 0
91	1 1 1 0 1
93	1 1 1 0 0
94	2 3 2 1 1
96	1 1 1 0 1
97	2 3 2 1 1
98	1 1 1 0 0
99	1 1 0 1 0
